
CHANDATA(1)
THTY=1 '05e6
THPR=9 '0852
THD0=20 '050a
THD1=16 '06fe
THD2=18 '06b6
THPI=4 '04fe
THST=1 '0b3a
THA1=30 '082c
THA2=30 '09c4
THR0=0.732050807568878 '2298
THR1=0.5 '0aee
THR2=0.3 '113e
THR3=0.732050807568878 '2838
THH=2 '046c
THH0=3.46410161513776 '2196
THH1=2 '054e
THH2=1 '061a
THH3=1 '095a
THB1=3.15470053837925 '242c
THB2=0.845299461620749 '2000
THB3=0.845299461620749 '2340
THNA="<no name>" '2310
THX3=5 '099a
THPH=5 '0442
THNZ=1 '0b6a
THPX=1 '0472
M17
