
CHANDATA(1)
R[40]=1
R[43]=0.02
R[44]=-265.129105963697
R[45]=-408.172047709573
R[50]=57.9369880726067
R[51]=91.8279522904269
R[52]=670
M17
